0.000157333529845 -0.257375521897 406.768299527 0.000129055635139 -0.213159533646 1184.55999845
0.000157333529845 -0.257375521897 406.768299527 0.000129055635139 -0.213159533646 1184.55999845
0.000148195659694 -0.251715032447 406.279301318 0.000143556995898 -0.221363796601 1185.37620121
0.000156056960729 -0.263516489766 411.684709196 0.000143722681815 -0.219603089082 1183.73679814
0.000161617861502 -0.268812145317 411.742980231 0.000119057081841 -0.206752305199 1186.17133693
0.000154521445104 -0.269865290934 416.666756479 0.000116230712488 -0.207159822408 1185.23426201
0.00015058090482 -0.270241848616 419.656521304 8.65721303613e-05 -0.186577558771 1183.92522824
0.000168542116077 -0.292556539636 428.929710887 6.97631780752e-05 -0.174101552382 1181.33588437
0.000139396797409 -0.279544105394 430.544342444 1.20924074969e-05 -0.127901075481 1176.31881037
0.00010929691007 -0.252871595229 428.352775307 -4.79100718624e-05 -0.0756943566363 1167.93115145
0.000153741630648 -0.290275494127 436.224775407 -8.33456243505e-05 -0.0405923213572 1162.78772896
0.000112107194654 -0.248045414477 424.946665261 -0.000132485408409 -0.00696239401297 1162.71640082
9.49922184619e-05 -0.227051242719 418.083812488 -0.000171823882737 0.0241759937381 1161.46778448
0.000100235061412 -0.226263727397 415.323628297 -0.000181399154486 0.0320525650875 1162.06490538
0.000100450444819 -0.213732150877 408.072957604 -0.00018812134237 0.0385430946468 1162.90301644
-0.000108126919557 -0.0059145505802 359.093144735 -0.000173401385146 0.0357666617561 1161.81757682
-8.18165137051e-05 -0.0239528234371 360.592585907 -0.00015039638943 0.0244812074941 1162.2497498
-7.27968529757e-05 -0.0246421617053 357.477193838 -0.000160143278436 0.0367131900802 1159.97549713
-5.38169317987e-05 -0.0364024966118 358.98996633 3.96902789112e-06 -0.0934547860864 1177.98373906
-9.25451196488e-05 0.00453123577966 346.504363748 3.25404628996e-05 -0.116102169533 1184.24890296
-6.52024605141e-05 -0.0191428581365 351.292292429 0.000128568367749 -0.19288831933 1196.98532806
-2.85461854897e-05 -0.0437710808715 352.698735651 0.000211179445072 -0.258325154143 1211.05683155
-1.64829456314e-05 -0.0459337715409 352.006477562 0.000302259413105 -0.339372194805 1224.9726701
-5.86674289007e-05 -0.00406833957806 339.370921232 0.000331924742339 -0.376575563274 1239.14793545
-6.19713054831e-05 0.000678604542993 339.187100724 1.74576697553e-05 -0.0974536534359 1181.98077605
-5.4378292839e-05 -0.00293233921707 339.725132931 -0.000334379363233 0.215685288212 1117.88215274
-4.90674592969e-05 -0.0100293461652 344.762324792 -0.000521480980314 0.362613022509 1092.53581546
-4.72980169985e-05 -0.00629576044466 339.873112061 -0.000579819409577 0.420673348851 1082.30219215
-3.84903023626e-05 -0.00987819703023 341.483764107 -0.000701698305272 0.53024119337 1059.22802901
-3.56621631488e-05 -0.00499486641268 337.310306057 -0.000879321474383 0.699154770153 1025.42948819
-2.90244279747e-05 -0.00135818186384 332.416067226 -0.0010469731655 0.87243864797 986.80812046
1.13085099058e-05 -0.026264831545 333.410959568 -0.00101929321177 0.882271379502 974.895882681
4.39557376086e-05 -0.0433359203184 331.276353011 -0.00119341703894 1.08579760038 923.281499178
6.2839507824e-05 -0.0482094183602 326.282524681 -0.000924999656701 0.890912953172 946.59976615
9.25620174048e-05 -0.0640929095181 324.074888434 -0.00107632406312 1.10020540857 882.995304146
0.000129781877421 -0.0868913047777 322.712639652 -0.0011942187483 1.30414619215 812.870095327
0.000184262085341 -0.141796840698 335.837674842 -0.000585517111644 0.757492479242 918.648895419
0.000203288559258 -0.165258481166 339.880464246 -0.000102765943081 0.278216162675 1026.72213794
0.000260643117241 -0.225882511566 353.503756188 6.45725631558e-06 0.185622981075 1037.99705043
0.000292042043052 -0.244035178823 351.81970312 0.000105003362987 0.108474195998 1043.83862818
0.000323474674743 -0.280946175124 358.359330787 0.000154988758228 0.0657085362392 1045.17635878
0.000274157797676 -0.223144154222 336.348384179 0.000422141820051 -0.134287380366 1062.64247357
0.000289591068792 -0.243321078694 338.68957692 0.000532052609426 -0.22708151374 1070.0397268
0.000280974899657 -0.262889176158 349.207315787 0.000651856829434 -0.326871933637 1077.30803754
0.000278581982411 -0.282240548364 356.449248705 0.000548517099979 -0.271306677892 1071.59705352
0.000288192587632 -0.321008292276 374.081471367 0.000158246299924 0.041056636978 1021.63287109
0.000243723085355 -0.277382993194 358.105339882 6.7383137036e-05 0.0862737214341 1016.55838144
0.000160897667287 -0.201695962668 339.75045821 0.000252664952262 -0.0838337756361 1043.45877389
0.000203289826476 -0.241715552184 345.788858772 0.00032451849628 -0.13578414689 1045.79261698
0.00012575456953 -0.181427235106 338.450123569 0.000849515036476 -0.554220683548 1115.4112232
0.000193955718189 -0.263934328245 360.652380368 0.00106973150455 -0.699823622077 1132.46411492
0.000225195676243 -0.306007351322 373.799182661 0.000815624118405 -0.458164899799 1070.83476343
0.000225160867868 -0.31777985839 379.827972493 0.000720504424342 -0.435762176454 1073.75153547
0.00018672554613 -0.291289596012 378.6552174 0.00067745300953 -0.460019863139 1082.49564093
0.00021331608723 -0.303267203871 371.414026459 0.000675795194963 -0.478169662841 1091.33388478
0.000183769464816 -0.276947296245 366.555976046 0.000510973751784 -0.425102869558 1097.42999454
0.000150347435811 -0.255792525392 365.548096444 0.000508250360596 -0.442407625853 1104.52306353
0.000138486808985 -0.252892200219 369.094824736 0.000536887459872 -0.48075020467 1113.97159134
0.000192583944702 -0.313606024743 386.682712688 0.000444398329764 -0.437772479701 1115.31564884
0.0001517243957 -0.283974387032 386.081757871 0.000563099853122 -0.543959872574 1134.88718352
0.000214280257717 -0.340538742878 394.538992854 0.000450154803015 -0.444272889136 1124.6851972
9.13773149303e-05 -0.216567324096 363.894350589 -0.000586284536088 0.597799391203 945.541205422
0.000117164097507 -0.232190614739 361.687216003 0.000418017489655 -0.27430977679 1097.13134532
-5.04433779925e-05 -0.090240106269 339.74296994 -8.89442073179e-05 0.301862961547 968.821669227
-0.000227756802784 0.0513445522872 316.955717896 0.000492905533048 -0.195585525657 1056.73013237
-0.000293458377144 0.0938199240755 314.902763416 0.0010344703909 -0.59783107874 1118.22934897
-0.000538988209181 0.336123855974 263.164328907 0.00120568801644 -0.728130498318 1129.93940952
-0.000461965368936 0.306211503406 259.986700607 0.00123821638036 -0.800044218937 1140.36930228
-0.000405263408986 0.259469098501 269.171996766 0.00129953893985 -0.881288694023 1156.78892373
-0.000398731606654 0.273809933783 264.526131092 0.00138734038389 -1.0072847342 1178.15132391
-0.000308042833184 0.224720654648 270.856474839 0.00115966867841 -0.898230467759 1179.95566394
-0.000312353010326 0.251380719238 253.327035847 0.000569120495649 -0.58101049115 1164.11796285
-0.000341162463176 0.273041130869 246.379484841 0.000418960164044 -0.514134633299 1168.99219765
-0.000353219831355 0.291542412703 241.199383069 0.000449584881559 -0.553913251818 1181.67046275
-0.000301539872787 0.269269435939 235.663435584 0.000438453748285 -0.557940573375 1191.22547233
-0.000235706093339 0.233610695684 234.114401629 0.000486276987835 -0.590231878568 1201.04243606
-0.000191957655002 0.189872369175 245.440109995 0.000405542678708 -0.503492857311 1188.5835272
-0.000127927076367 0.146036847584 247.374098068 0.000677095294074 -0.761255188403 1242.60220564
-0.000138847740705 0.149322210184 249.454484378 0.00130139205044 -1.25592858121 1341.51594322
-0.000160219114643 0.161523293151 252.353876244 0.000933864416294 -0.965951538669 1288.83414548
-7.97105885068e-05 0.113428794026 250.745675874 0.000504900847589 -0.658383066402 1236.35631704
-2.80247815506e-05 0.0738487207625 256.911797977 0.000404708658086 -0.590279001245 1226.54769768
-0.000169131111099 0.171939789585 249.531475311 0.000337227146179 -0.540156612497 1225.70312634
-0.000217199497887 0.21108857904 241.31700302 0.00206350177037 -1.86183135749 1466.07038385
-0.000205865199498 0.202771973247 241.245639162 0.00228212057225 -2.17701457305 1557.57004455
-8.38753221712e-05 0.115743492804 249.83612976 0.00198761516586 -1.95159461591 1508.94281251
-2.58137625704e-05 0.100394531196 239.245641048 0.00110201288289 -1.1031489203 1306.78682532
6.22847046784e-05 0.049949027213 239.904967576 0.00130089943701 -1.30891419519 1347.01058086
-9.47255680011e-06 0.0627649751799 256.215623405 0.000259910204097 -0.446943375113 1204.66562073
-2.87536004775e-05 0.104726544255 238.869428305 0.000162729073473 -0.361529785356 1191.11050996
-0.000117695103725 0.159894445864 233.290839959 8.67254783171e-05 -0.291429368224 1182.08057973
-0.000113069942203 0.138100663751 245.960178594 0.000179679690544 -0.368472118498 1202.26272808
-0.000171676208 0.186073532215 242.436934849 0.000765870186342 -0.857400574442 1301.34243281
-0.000178750129532 0.198767987876 237.098139721 0.000829347839815 -0.95451812761 1331.13969247
-0.000215185679985 0.229954885163 228.227302964 0.000317108585795 -0.526595251717 1250.03639036
-1.4437366772e-05 0.0932371881135 239.218356568 0.000162231968919 -0.356250582366 1202.53290421
6.37113592141e-05 0.0236578537853 264.126277573 0.000411412502897 -0.588501357552 1253.52942764
0.000349657627663 -0.182610218275 285.272961433 0.00046017709998 -0.506783335097 1193.04598724
0.000461287204361 -0.270800770249 296.290351412 0.00016230888932 -0.317739471515 1170.17781683
0.000563428233902 -0.365673705672 310.911294603 8.07830917736e-05 -0.260268027081 1159.91700704
0.000451503714399 -0.282455872828 301.412946458 0.000131076294239 -0.30126576704 1169.5296681
7.73834656338e-06 -0.0030540212134 303.164297865 0.00014391914193 -0.313840574341 1178.16956358
-0.000327887083886 0.264539426276 280.040729947 0.000259793872401 -0.432009951899 1208.99051613
-0.000334159250556 0.151033729379 351.449582104 0.000402605038506 -0.567083351303 1236.98986413
8.14127588898e-05 -0.204665380088 409.948868473 0.000230373940235 -0.403001115721 1214.06459739
-0.000220265437022 0.204926493968 273.34889243 0.000554772817983 -0.671539065569 1264.3632318
7.86392896222e-05 -0.191273710033 397.457260221 0.000346683928147 -0.538520160719 1246.32554095
5.14611843821e-07 -0.127093439563 384.910665902 0.000327612881963 -0.527261392715 1246.58374204
-9.62940759282e-05 -0.052910868342 373.517172993 0.000421094967126 -0.632331479418 1271.47027937
-0.000327713197759 0.143794028575 338.395598549 0.000110671316755 -0.304405039222 1186.98424226
5.83719903977e-05 -0.0302733718681 312.799988358 9.23175574982e-05 -0.267750840805 1171.66582436
-0.000221907809456 0.111113714286 329.256370992 6.42396840868e-05 -0.229630783446 1160.02427859
-0.000176706312996 0.0902481109325 325.017681863 6.3277289403e-05 -0.233047619651 1164.3729391
-0.000125534526211 0.0629723021235 324.98810589 3.66834863277e-05 -0.201784240711 1153.79585769
-0.00019311090468 0.135000261913 302.9031109 3.44801250918e-05 -0.201938345152 1162.18334585
2.3358853544e-05 -0.0246691930692 320.810319076 -0.000131791776174 -0.0614599838676 1143.29493545
5.28796813487e-05 -0.0349518670271 313.889835277 -0.000120119920214 -0.0693645111446 1151.61739343
4.57340980794e-05 -0.019638800287 305.809677912 3.70819504979e-05 -0.191223679937 1164.57263473
-0.000154689047458 0.197383622919 247.417763565 0.000235964739199 -0.35960332874 1192.52821316
-0.000191960726775 0.259484228327 223.832685828 0.000469507039899 -0.521025318067 1212.68184169
-0.000153936610668 0.259086219077 208.430003462 0.000927363640502 -0.845149117433 1264.41261289
-0.000232304405245 0.269436505948 227.363292285 0.00102553450613 -0.987607524907 1302.04818047
-0.000191218555048 0.247085000542 223.705471508 0.00114388982507 -1.14745350665 1349.03718257
-3.90314279136e-05 0.10292439263 250.437374157 0.000718307539361 -0.817481490392 1286.7123732
0.000141532829544 -0.041455729302 267.691443796 0.000793703695325 -0.918470283423 1320.17411116
0.000354867200094 -0.194811368081 281.922450543 0.000109846341125 -0.243256506154 1152.72920077
6.70868384639e-06 0.12910774385 206.955364123 3.24254515408e-05 0.00278705954768 1047.79316209
-4.3588518658e-05 0.185751541453 180.978238059 0.000754223995739 -0.753479778359 1238.36824215
2.56743052767e-05 0.057185747919 227.587910611 0.000518801959491 -0.671511231494 1267.46685622
3.5798013175e-05 0.0377254735713 231.561667964 -2.98044935468e-05 -0.117165557799 1138.33366811
0.000179749652053 -0.068581048679 251.920716067 -0.000219356144179 0.0715103894552 1100.17986514
0.000249490305665 -0.213605157695 318.916553751 0.000135347588165 -0.0135553577482 1001.8236903
0.00011746731238 -0.0920180484601 302.825307006 -0.000148637208637 0.101925217615 1050.79145893
0.000135652292564 -0.0760567841536 287.405886328 1.96178586694e-05 0.043692864695 1040.01419516
8.58364288105e-05 -0.0443821891615 288.258982611 -0.000251373188508 0.133785401712 1095.55271434
0.000100519958695 -0.0724132338841 297.550382508 -5.82502400667e-05 0.00116582213837 1105.37710939
-1.74933072052e-05 0.0311399212232 279.841259772 -0.000202413615944 0.0869797640322 1093.13308164
-9.86886303163e-06 0.0238211245841 281.971291854 -0.00027695352884 0.167212594505 1079.80857113
-8.94783292972e-05 0.0917654381113 272.256635508 -9.67964713304e-05 0.0291906857899 1102.95962791
-0.000174902000974 0.171642053762 256.594123117 0.000103175003809 -0.0950126004539 1120.13385009
-7.22986359994e-05 0.0881713726068 270.532697848 6.9249315215e-05 -0.0732339435748 1119.38508515
4.19245234686e-05 -0.0254805214103 293.657555997 8.0577911429e-05 -0.085899570662 1123.71339737
0.000107662450611 -0.0883025213724 305.898556954 8.49555952607e-05 -0.079451404236 1121.2259679
0.000104311061717 -0.0872244843551 305.280877204 2.91177568324e-05 -0.0215202715501 1106.61466905
0.000159613895657 -0.145016738238 322.643754043 2.94611780871e-05 -0.0181797948076 1104.38172352
0.000474908273928 -0.483696381151 411.573949189 -2.59656593208e-05 0.0468554819412 1085.72028032
0.000331966900281 -0.349470145993 384.851905406 6.28626601165e-05 -0.0626836529832 1117.84268038
0.000176775786986 -0.204582834348 357.020227457 1.57159594151e-05 -0.0153323573721 1106.68565556
0.000107172213865 -0.139812922184 343.944371906 -8.27570633022e-05 0.103751106682 1071.34681653
2.35009426672e-06 -0.057148294218 333.533797811 -0.000243846985632 0.299101670081 1012.86810108
-6.00509225388e-05 0.000630536328428 322.736898018 -8.23721724303e-05 0.124150414327 1058.21055407
-0.000148522723778 0.0778235332964 310.993535018 0.000203421578502 -0.186414104609 1138.86739034
-0.000197117586159 0.128559128929 299.423626631 0.000270799428177 -0.247819353522 1149.65782881
3.941045471e-05 -0.151222189528 382.325603097 0.000352296791037 -0.305051481852 1150.75266057
-0.00025455667801 0.187778184068 288.347405577 0.0004651939261 -0.399729973601 1161.64084578
-0.000249702093696 0.186327314821 288.808000696 0.000580810169883 -0.503998300485 1175.91813276
6.45613714861e-08 -0.0910782813098 364.541666716 0.000665239931284 -0.591685367428 1190.85622197
2.15822249599e-05 -0.103925396802 364.350080024 0.000706689292365 -0.662506424807 1209.71429229
-2.8879008252e-05 -0.0675824155972 360.928192191 0.000302903422685 -0.408714155284 1181.44695528
0.000118920931388 -0.167780424224 372.337948044 0.000297842042438 -0.406604095363 1185.83425997
-0.00018448124653 0.164829486053 284.121929244 0.000447949397065 -0.518476760118 1204.90808399
8.46369337951e-05 -0.152734076552 370.313573969 0.000927559564565 -0.869765483452 1269.79157195
-0.000169354786811 0.133904894433 291.099878819 0.000902149949793 -0.885086487098 1278.41940088
-0.000191371204379 0.0785680415829 328.677595735 0.00092746713798 -0.946915311734 1298.19353247
-0.000223938061824 0.120706040023 313.977625219 0.000837269627297 -0.924760721276 1308.39114204
-0.000248976917149 0.146564984899 307.742270654 0.000201793967086 -0.275388814465 1145.36790391
-0.000219600781909 0.13947228032 301.962099043 0.000275130980661 -0.319621955486 1146.08010769
4.69579410534e-07 -0.0523947392142 337.077222378 0.000176378703987 -0.27444431223 1146.94530171
-0.000132863139532 0.107938642492 291.768754851 0.00021404192686 -0.295969389204 1145.92839773
-0.000125360045936 0.116805125421 284.74159939 0.000174980998801 -0.280494979445 1145.71034464
-0.000108768696627 0.088662255588 297.825681856 0.000283868495924 -0.361966255844 1150.25003039
-8.66913373866e-05 0.0987660104247 284.166470488 0.000291837116345 -0.373390504472 1153.56980732
4.33147560829e-05 0.00461991793879 288.597649867 0.000289272797653 -0.384265829295 1162.24698832
5.71671155953e-05 -0.119221490276 356.79367772 0.000335423058763 -0.414875459752 1168.4101565
-8.08065007778e-05 0.0450528165503 304.73931905 0.000489326305777 -0.511409335731 1185.00977092
0.000120963480167 -0.220577818889 385.381771923 0.000471277513528 -0.470962071093 1174.7861617
6.85962906116e-05 -0.176393824584 376.666809473 0.00106038801296 -1.01959606728 1295.04657485
4.06952651765e-05 -0.14810681638 367.58487546 0.000870332240746 -0.922139655266 1291.88865834
-1.02484925211e-05 -0.120446096408 371.568044734 0.000116831894759 -0.24514354973 1139.99246431
-2.78516461571e-05 -0.103013584563 366.201894683 0.000127801856056 -0.249952931989 1140.44266866
-2.61002719385e-05 -0.100257996836 363.674291896 0.000286809587605 -0.351003254133 1150.78116051
1.95646235707e-05 -0.109621337271 356.464369711 0.000311218336864 -0.362029656528 1154.45850094
4.13534475251e-05 -0.131315761397 364.761000898 0.000327552301288 -0.395073046492 1159.95414223
6.29704550925e-05 -0.153247152589 369.911213368 0.000329437432608 -0.404073315219 1161.76542515
4.68477036237e-05 -0.125086641026 357.640564991 0.000131240356134 -0.263882006023 1150.54969507
6.33344496793e-05 -0.140749630089 362.567847826 0.000216965437697 -0.335875237462 1162.64486906
4.80353445885e-05 -0.126623337821 359.469364719 0.00027963774726 -0.389851126197 1173.48234018
7.80931811637e-05 -0.155026976446 366.66000278 0.000221256406992 -0.322606596057 1160.41656716
-6.8451750826e-05 -0.0340677029483 346.489555627 0.000312031009557 -0.376647988093 1167.47495952
-0.000157034038617 0.0416997364141 334.826206336 0.000446862196754 -0.553614602184 1211.04045679
-0.000259164978649 0.131975311936 318.40844869 0.000141479882099 -0.279630491528 1152.32971104
-5.83931601788e-05 -0.0514013213646 352.629881113 0.000104024685829 -0.209746569136 1132.52145537
-9.87031614132e-05 -0.00950042027331 340.70089696 9.13467418781e-05 -0.205741230513 1134.63216645
-3.80604274668e-06 -0.109207199846 366.296539565 5.96260249541e-05 -0.194059454106 1133.26867748
-0.000248907009403 0.111465967415 324.690059204 0.000163139476657 -0.249486114535 1132.85325277
-0.00025792534647 0.108147920271 331.685728302 0.000259021224086 -0.313563498672 1134.96472539
-0.000378230516321 0.226246851156 307.072877141 0.000214277820503 -0.2873809906 1133.26552427
-0.000354793010127 0.210295791761 309.827664994 0.000244454577786 -0.315651735219 1137.68247641
-0.000262780583742 0.127618083035 324.579124276 0.000209946230187 -0.295235651167 1139.95006387
-0.000247539287456 0.122965378717 322.430611166 0.000258880814601 -0.337793826178 1148.50887727
-0.000371908392583 0.23963413793 298.420720923 0.000311978301744 -0.375133359217 1156.65950822
-0.000300099529165 0.183678185378 306.60906992 0.000348759596426 -0.4057033441 1163.70500372
-0.000322638124529 0.186794603041 310.302623093 0.00026620824414 -0.321229787448 1145.61132956
-0.000451679080732 0.318815116284 279.73343763 0.000415668605343 -0.419551190596 1157.682693
-0.000439708460047 0.311690787838 280.551314869 0.000157003616288 -0.233539430942 1122.0311879
-0.000357921471031 0.260948792041 284.262653821 0.000221083006369 -0.271450068728 1122.34190121
-0.000386964410158 0.284904182293 280.803562342 0.000174319088938 -0.258070344105 1123.38702244
-0.000323369824756 0.287736039442 254.298115258 0.000364940532958 -0.365354280574 1130.42243598
-0.000323531172574 0.198928387875 303.962513562 0.000344693091402 -0.371284799415 1137.57582427
-0.000204341624101 0.0839312974959 324.272844232 0.000311921200587 -0.367466831765 1143.73878326
-0.00011076435513 -0.0028761680602 340.450888273 0.000314076760683 -0.381124229604 1149.0398056
-0.000172854991421 0.0528261377305 330.543279457 0.000278912305238 -0.360770514491 1145.53544398
-0.000264281341706 0.143834138064 312.649470766 0.000277512592579 -0.360334456886 1139.52969809
-0.000292742085842 0.183826194869 300.03226318 0.000275994562685 -0.353688694918 1139.76146664
-0.000248586822236 0.134954345514 311.202862167 0.000354315697998 -0.425518468486 1156.77104529
-0.000223058376039 0.127884606697 306.866850178 0.000375701102441 -0.403083780456 1151.40956587
-0.000282964390223 0.173231084365 296.583051071 0.000271087857004 -0.328490682632 1142.05486609
-0.000292254708948 0.185878970205 293.035785309 0.000277868841483 -0.368265476754 1154.26634365
-0.000298382754189 0.188327042624 293.808166422 0.000173467836581 -0.249799283831 1125.94281624
-0.000258086157217 0.198258183823 277.276794234 0.000164322839087 -0.256833255269 1125.19724958
-0.000417428271569 0.292427846227 274.909566968 0.000198759079487 -0.281736707556 1131.72223602
-0.00055018874104 0.418341729068 247.398188198 0.000287548587903 -0.340287134763 1137.70528576
-0.000415101775336 0.290021690537 272.088766129 0.000343290200815 -0.383240063132 1146.42202968
-0.000471472570325 0.331531634197 265.985924532 0.000353965818554 -0.40307212732 1151.4608961
-0.000536297257463 0.414699687569 239.761945322 0.000300104613793 -0.377193656507 1151.02775336
-0.000359398451245 0.280452095644 260.119349228 0.000307241385908 -0.385740123614 1148.92703135
-0.000336388823875 0.272143802822 258.251540747 0.000299293946346 -0.380685175823 1145.03640755
-0.000263421076655 0.224941501512 261.386514692 0.000331757030943 -0.408841166969 1148.04289749
-0.000231598128141 0.194012054461 268.204364919 0.000401596003348 -0.460645855178 1156.99835549
-0.00016749501592 0.158529018727 264.21990517 0.000486519290524 -0.467486898936 1148.11015858
-0.000173571921363 0.160371195378 266.183209168 6.39155684393e-05 -0.184904724604 1101.15927609
-0.000304739508467 0.248946662749 260.081829395 0.000125776492822 -0.219452131695 1108.47436758
-0.000437251205322 0.320186584079 261.691625815 9.39389991148e-05 -0.20562415435 1112.12532769
-0.000371650939965 0.290463800594 259.916765143 0.000222046038573 -0.276557773125 1114.39587246
-0.000420704695431 0.309969790508 260.652289276 0.000249413559458 -0.30511888411 1123.5867841
-0.000383741855367 0.266890709726 271.350604774 0.000420085972004 -0.407351820295 1129.80812122
-0.000453956411083 0.352743288433 246.371732034 0.000330849485677 -0.371841040693 1135.60005355
-0.000250818165801 0.187171723859 274.73959442 0.000371371354169 -0.410965122948 1133.53612333
-0.000273567095279 0.224470889309 262.74611191 0.000371238859844 -0.423841145634 1138.75559644
-0.000243532795994 0.210781270049 263.257273467 0.000408267847282 -0.456092814281 1143.04663194
-0.000178094728345 0.188312585576 254.860887069 0.000406156684386 -0.45919520768 1149.06114926
-7.10354000176e-05 0.0747547169406 283.276646029 0.00033017078074 -0.372477745071 1133.07966432
-6.72745282057e-05 0.0969718448754 267.635624356 0.000288035903292 -0.349237441176 1138.7763567
-1.22610575065e-06 -0.00416192779825 299.955592126 0.000290750740674 -0.34379828656 1137.54080784
2.19604810663e-06 -0.00706857668405 299.539840375 0.000260563756991 -0.312196380724 1134.63370278
-4.27280557815e-05 0.0500522198061 281.836356894 0.000159610830335 -0.241511841839 1124.74816414
3.3426180577e-06 0.0120547584491 287.484664832 0.000191981011306 -0.259655912014 1129.06798321
-5.57117861294e-05 0.0572349838225 281.95503404 0.000259118631583 -0.29993638039 1132.06715978
-9.89509239339e-05 0.108732371267 267.693554427 0.000260952981798 -0.301794228155 1130.97028391
-0.000167079565278 0.160424774743 261.624628605 0.000248264315776 -0.311566138636 1136.30777945
-0.00016774241239 0.177471246303 254.247326531 0.000224189769174 -0.309170300473 1142.75563497
-0.000180530474432 0.19427605232 247.83093016 0.000224725302357 -0.321220717877 1143.60706934
-0.000138115095967 0.183831234112 244.399816609 0.000203413367233 -0.31100086532 1147.599205
-0.000118654579907 0.17869781306 239.537883521 0.000234616579089 -0.344324640744 1153.71472692
-4.92504773931e-05 0.0826446192536 267.582082007 0.000225412814535 -0.346484260228 1162.53966098
-8.96779874577e-05 0.138287022108 248.828245201 0.000190601418455 -0.318449091727 1163.06955468
-2.4764236473e-05 0.0656765871662 267.289234871 0.000233080451562 -0.343969593101 1172.81669179
-9.25222853098e-05 0.107660851089 265.489782644 8.91866819609e-05 -0.252401781293 1161.03009473
-0.000106925432975 0.146301351119 248.606697437 8.35452082654e-05 -0.250923442939 1161.50232272
-0.000119473190005 0.144412344963 254.276763975 5.41462001853e-05 -0.22409960016 1155.64680224
-0.000129942977235 0.16145508477 244.852162035 -5.68915685543e-06 -0.149361846014 1134.80843719
-0.000143480820925 0.177363954943 241.184867887 2.94061029276e-05 -0.16065400868 1128.28496458
-0.000341662223724 0.271136733978 262.528648834 0.000147347686968 -0.25017127122 1143.01404513
-0.000363004878444 0.291446772646 261.335977428 0.000311950391615 -0.349913099165 1146.66069614
-0.000422039655876 0.337771009665 257.032421422 0.000311393100329 -0.364649713765 1150.42492584
-0.000414271662249 0.351436229356 247.400156658 0.000360203190524 -0.408785607017 1158.7875362
-0.000318572661902 0.275370592202 257.547578971 0.000294699053969 -0.376699000601 1161.98392352
-0.000231031980389 0.213615117059 262.406037102 0.000297830653397 -0.390535653499 1166.22030004
-0.000287413613289 0.265997010136 250.931716649 0.000262317079868 -0.364341755649 1165.54477765
-0.000278668217299 0.273917317983 239.73535141 0.000346244760518 -0.444532276343 1185.96194189
-0.000223825319656 0.211001868687 254.577015335 0.000410991783766 -0.485901216706 1196.35033325
-0.000174828614248 0.166613836721 260.950899641 0.000405802950521 -0.453982228284 1183.81184421
-0.000184839580974 0.185621474892 252.685620367 0.000280951366981 -0.314128736107 1145.7184251
-8.20565985577e-05 0.103541875782 264.262135723 0.000109821461433 -0.218499503872 1131.5630421
-5.23902114819e-05 0.0776863619585 269.475892832 0.000109769141861 -0.220943913689 1129.32458289
7.29254041885e-05 -0.0238230206198 284.816459573 0.000155464836585 -0.249634082358 1129.00321914
0.000162487471103 -0.0828313752401 291.833616137 0.000331215031266 -0.358149961801 1136.84801335
0.000140299045762 -0.0433859378187 276.822933929 0.000343420078609 -0.38339371007 1142.68069585
0.000342618142218 -0.205974921745 302.737487031 0.000380302731062 -0.416572695393 1144.19669888
0.000372112261654 -0.238712618458 314.464943912 0.000348340000114 -0.39948407982 1141.70016687
0.000342750625604 -0.223481709963 316.798368984 0.000371339054966 -0.427285180806 1146.78573769
0.000376142458615 -0.248640682766 321.419450951 0.000368891295179 -0.438503581052 1153.13315744
0.000362744222993 -0.226179436455 309.962904408 0.000297180515762 -0.376620252854 1147.3472972
0.000333462179702 -0.213009263102 310.569563227 0.000232385685293 -0.308946437157 1134.58252738
0.000146269936026 -0.0782016438215 295.735108207 0.000251121276234 -0.335609081819 1146.23784254
3.52738358173e-05 0.0155210344514 279.885648099 0.000324101925965 -0.373032840091 1154.06393359
-3.74388828594e-06 0.0285134934763 283.741237315 0.000244534713753 -0.323627454435 1149.41876426
-8.40401051127e-05 0.091221646024 273.729298665 0.000159956086676 -0.236274583665 1130.64694756
5.74611116686e-06 0.0136435767631 284.726956588 0.000130726016717 -0.211714377631 1121.7810427
4.10282705944e-05 -0.0111115928714 285.928409047 0.000110584659525 -0.209068913451 1122.72965534
1.46419378186e-05 -0.00759225241657 297.572637656 0.00027942084813 -0.309709108298 1126.55537643
-0.000162095167396 0.127389335961 284.07896906 0.000323988055303 -0.347376687067 1132.12850775
-2.69120714304e-05 0.053193479897 281.790014915 0.000314519384846 -0.349174476783 1130.22571742
0.000152030957339 -0.106355534113 313.386891391 0.000276107609882 -0.328994045479 1128.89442332
9.53840082249e-05 -0.0601330071723 305.90635998 0.000280557386525 -0.33930407166 1132.9315997
0.000146693513614 -0.111939700201 318.225967796 0.00024873296714 -0.328119771172 1136.27517369
0.000113354113539 -0.0802785805288 309.445130378 0.000255337687782 -0.332115952753 1142.97066777
2.61614215561e-05 -0.0155858067765 300.901626139 0.000330824868249 -0.395315375588 1157.7454297
-3.95082917844e-05 0.0273711518352 295.624018758 0.000234940817696 -0.335193515877 1151.45926708
-0.000110016135766 0.0800874383967 287.487016048 0.000223999948559 -0.299647291382 1143.54715188
-0.000118125678448 0.075911391425 292.027046453 0.000239012098832 -0.331462018236 1153.22661966
-9.06866798943e-05 0.0552871839338 293.423967223 0.00031659223295 -0.386057810028 1163.97848484
-1.00535476453e-05 0.0027788292345 295.795201072 8.77672099993e-05 -0.191477525471 1118.64249073
-7.77683349515e-05 0.0508941962176 289.387250303 0.000102053597113 -0.214491508189 1126.19068856
-0.000111313278237 0.094728308231 277.54515674 0.000184406839256 -0.258219149993 1120.86688095
-0.00015725434005 0.144827938298 266.663628809 0.000240624695085 -0.296852699382 1122.53612223
-3.32596169761e-05 0.0432647390395 282.709573443 0.000285607114833 -0.334900711804 1124.39878969
8.60370757371e-05 -0.0534228292447 297.339751884 0.00027633390327 -0.334722209763 1125.58230755
0.000221176989691 -0.152317288236 307.438861928 0.000262279639141 -0.331022922454 1128.62637291
0.000209550815456 -0.148533694642 308.366575536 0.000322472035138 -0.384721012649 1141.01097313
0.000155497801857 -0.106356671705 299.452451276 0.000314015726753 -0.385782027937 1147.89489133
0.000170260029726 -0.0992798571146 290.416194103 0.000381820519503 -0.451407862206 1163.8145971
9.45818891373e-05 -0.0512290082199 283.978623373 0.000278501207485 -0.384966700768 1159.55756362
0.000145360810923 -0.0932591780685 295.214324181 8.71610446852e-05 -0.245217456161 1138.11654518
0.00013332657694 -0.0778635668657 289.711700306 0.000217185693124 -0.359790308346 1164.65565505
0.000159713732117 -0.10738705016 293.220766248 0.000360877679789 -0.467945097732 1185.89881455
0.000209553558193 -0.156638144828 304.146294874 -6.19133767797e-05 -0.0992597765826 1103.07341219
0.000178633126413 -0.141271434234 314.055310168 0.000275157672715 -0.272974618987 1111.40702748
0.000189751872811 -0.144200268799 311.404663096 0.000349168771521 -0.322878468961 1112.86483075
0.000100734898466 -0.0680124869272 297.890707752 0.000383296939319 -0.361221029686 1121.37220371
8.00438585131e-05 -0.0430960302774 288.426448856 0.000262352796461 -0.306734431319 1125.23007118
8.67531955409e-05 -0.0464107847846 284.945352686 0.000230854772962 -0.295784032627 1127.51085818
0.000139723262735 -0.0972031790134 295.238545632 0.000215468342961 -0.29494387076 1127.61499105
0.000193509272062 -0.139962381814 299.448920905 0.000211288027047 -0.29915552091 1130.43337639
0.000249252220643 -0.204265532165 315.140724819 0.00025009749784 -0.32362406436 1133.11931862
0.000310678235704 -0.262547852207 329.718595976 0.000147555369416 -0.208053530219 1107.66645734
0.000220795737681 -0.196937627649 321.289632383 0.000166148881375 -0.226590612683 1108.46521107
0.000199469698443 -0.173368354694 317.549688012 0.000216759944097 -0.257255696972 1115.41213866
0.000192778008208 -0.159836202428 311.99308772 6.64447628045e-05 -0.128490687105 1089.36599344
8.79761198005e-05 -0.100350574575 310.776971085 2.44146611379e-05 -0.101041035565 1083.3338532
8.74887539328e-05 -0.109531075827 315.825245797 8.76083703958e-06 -0.0992710049922 1083.83064047
0.0002226875515 -0.19551390047 322.607099221 0.000146632449424 -0.169076183875 1083.02602309
0.000280983641794 -0.241303631698 323.661130478 0.000191893366629 -0.201314308261 1086.14656137
0.000281747965134 -0.246625725456 326.092696006 0.000129644291256 -0.166185502853 1084.0354061
0.00027046557706 -0.22416364178 316.373132963 0.000198842197158 -0.22136185055 1093.40490937
0.000166196763852 -0.138774984383 298.924582413 0.000204570483367 -0.233023852742 1094.44584579
0.000210288667181 -0.172159060053 302.362995168 0.000186980064405 -0.222768118071 1093.40970572
0.000146933478751 -0.102941807316 286.366200114 0.000118919148492 -0.155709098084 1081.41437236
-0.000105121744161 0.0834505743494 270.306873329 0.000104120945795 -0.128593176239 1070.76878349
-0.000107789457459 0.0792916645446 269.98849305 0.000182194657899 -0.18687995719 1082.56487564
-5.53346855957e-05 0.0271108721359 279.793268664 0.000164606786037 -0.139012328552 1064.39731767
-0.000110699012931 0.0950768497089 259.296103639 0.000157299303904 -0.182642814965 1083.37265929
-8.5020383935e-05 0.0825469472029 258.696575982 -4.04087825991e-06 -0.032274260881 1044.14720539
1.9970676295e-05 -0.000357870650845 267.941993053 5.88440329658e-05 -0.064764854864 1040.99785529
-8.06647221117e-05 0.10418246273 247.807698769 5.89329133803e-05 -0.0727090212847 1046.82433565
-7.86488438041e-05 0.0956314491592 257.716236075 6.91164383449e-05 -0.0886438966327 1062.98475135
-4.56546893413e-05 0.0881000777034 248.992698864 0.000116192453918 -0.115882045711 1057.69674982
-0.000117812320951 0.149411436592 239.390642001 0.000183085942005 -0.151778769835 1051.72282705
2.91600245014e-05 0.0502995137396 240.854016427 0.000223176553337 -0.179100643531 1046.71491801
8.37142934226e-05 0.0246454445013 236.173522358 0.000167126155694 -0.149453591372 1051.68259541
0.000128097014875 -0.0260714510739 252.303319784 0.000209844811769 -0.183361008716 1054.56138043
7.99350089109e-05 -0.00714647949094 258.999669222 0.000228150581731 -0.192886662004 1059.16959422
9.87323286962e-05 -0.0260054128952 264.492486068 0.00020309287957 -0.176244071534 1057.81845159
3.83007637868e-05 0.0280633745567 260.775896535 0.000210995882953 -0.172358060493 1061.81365372
-1.55416197341e-06 0.0456367293331 261.364420535 4.95406385454e-05 -0.0387665287557 1034.31216361
1.09971267457e-05 0.0318858375396 264.746310308 2.55284110006e-05 -0.0371561488357 1041.03980257
4.42348380765e-05 0.0111700858799 263.674199743 -2.18599251412e-05 -0.00130668358212 1030.0137756
5.14017735385e-05 0.000500958760338 265.591679422 3.1518835347e-05 -0.0412979163343 1040.43341047
-6.26909601728e-07 0.045088168665 253.199689112 0.000106382618871 -0.0807132988645 1040.35572214
4.04500076186e-05 0.00809800982924 259.391206388 0.000103635937445 -0.0912654240186 1045.98151843
4.32075514101e-05 0.0197562273156 258.332104935 0.000162115013012 -0.124343593568 1042.45679519
8.47254649638e-05 -0.011987156815 262.353419752 0.000166611764873 -0.138894440555 1048.85414887
0.000101488621357 -0.0408181249676 266.942378129 0.000148803243687 -0.125076295829 1041.49988643
8.1451797982e-05 0.00168093451569 248.59009081 0.000149242350854 -0.136598469306 1049.36728523
0.000118496002691 -0.0428302262627 262.108519812 0.000143817855444 -0.13671655211 1047.64961749
0.000112900794264 -0.0373285599762 260.877547978 0.000178065797335 -0.153346839835 1050.17057394
7.84324147558e-05 -0.0124408819464 262.926647215 0.000326923312513 -0.263340888533 1061.59887557
2.46998997923e-05 0.0252786988165 260.968702641 4.59114996705e-05 0.0129536033238 1000.44646504
-0.000158343553233 0.183752600497 239.917767547 0.000262609661048 -0.0826377660074 1001.72616527
-5.35083344888e-05 0.110670491083 243.301333139 0.000182824032999 -0.0710392544904 1005.37060044
-3.87431983106e-05 0.113242469262 232.738081375 1.63939862839e-05 -0.0143301612387 1018.7862856
8.61942303597e-05 0.00113101878877 246.992827142 9.57696417908e-05 -0.064312301649 1026.5939173
-0.000100806353713 0.125336412801 241.997209181 0.000129048533604 -0.0912680246054 1030.96939461
-1.18030577953e-05 -0.020622086472 296.15672746 0.00013432447125 -0.10122862343 1034.71013427
-1.41559204182e-05 -0.0159133788358 294.507003472 0.000264413671753 -0.183232363574 1041.23432372
-1.53494291501e-05 -0.00325488044804 286.04732728 0.000279126941291 -0.208316787792 1049.57796912
2.60185923063e-05 -0.0364449451697 291.569528564 0.000231864388496 -0.195113777279 1050.08454502
1.72615545356e-05 -0.0230725027186 285.456848854 0.000152354966397 -0.145539881316 1047.97401225
4.39573178832e-05 -0.0512202880041 293.162114554 0.000209348230068 -0.181527059327 1050.21162372
5.55564393715e-05 -0.0541392312425 288.760989898 0.000151419807379 -0.127630734671 1045.55034928
7.73183257946e-05 -0.0749621465985 293.058295288 0.000169327415785 -0.127007573272 1042.18446945
2.58257339017e-05 -0.036263625944 284.087430846 0.000205540308648 -0.126913248315 1041.10716946
2.8736327171e-05 -0.0328908193593 276.409326255 0.000241921522482 -0.154822107961 1046.6484609
2.17376180509e-05 -0.0329708586648 277.491578846 0.000265191721587 -0.173476606113 1047.38597926
1.46888033564e-05 -0.0173749503651 266.777240349 0.000217365341471 -0.177971369882 1056.82961475
2.1292575636e-05 -0.0330249915792 276.080282355 0.000201161868949 -0.102146059961 1023.96524905
2.65018029922e-05 -0.04852378122 283.861559008 0.000273414878388 -0.153960439595 1025.18137159
2.45637355836e-05 -0.0501928602892 286.554109215 0.000370644788796 -0.216873858046 1030.25846497
6.01312261145e-05 -0.0765878936217 286.784497039 0.00041489766178 -0.276097631209 1040.44219745
4.09781638025e-05 -0.0550622218343 276.937830247 0.000362697034371 -0.262719998622 1047.34738053
3.13244140424e-05 -0.0400846968889 268.374418282 0.000250013471438 -0.226334298991 1054.53761816
5.97110270081e-05 -0.0669880364956 273.508694748 0.000294417000411 -0.262248278938 1062.06400323
6.20861018545e-05 -0.0800277098695 280.252674594 0.000301375939666 -0.281475019945 1065.57829965
6.36087060355e-05 -0.0889519490302 286.737396039 0.000380322215637 -0.334183528266 1075.84675654
4.6430022767e-05 -0.0661442794511 276.878873093 0.000423051241301 -0.380093233864 1092.71060201
1.70888677903e-05 -0.0614272638631 284.518309541 0.000296153618969 -0.268201746401 1071.21627452
4.07034474693e-06 -0.0449136678115 277.051237255 0.000459423894813 -0.304818635396 1071.36292223
8.44183196089e-07 -0.0544483955853 285.189286965 0.000966276302481 -0.783719844761 1174.36703666
4.74691989543e-06 -0.06647480119 293.688063303 0.00029395084465 -0.208324572798 1053.06656172
1.16157706393e-05 -0.0952484144588 314.918303703 0.000426763144645 -0.285638500902 1054.38616434
3.1650369252e-06 -0.0889836630987 314.404350587 0.000291942484345 -0.250590924815 1062.16846168
1.87168796322e-06 -0.081909465242 309.577796034 0.00033779855551 -0.292847002118 1075.31818513
-5.25042840259e-06 -0.0621256117671 297.549614019 0.000253089593905 -0.266156838004 1088.89892504
-2.01494854243e-05 -0.045424711952 295.484199795 0.0002806335826 -0.295861574107 1099.01847205
9.39651879935e-06 -0.0735707077611 302.799619194 0.000253127874185 -0.294922706405 1102.17887095
6.38141843619e-05 -0.139691623501 328.25950089 0.000222714593931 -0.276155778955 1099.83447176
0.000118500835384 -0.195883167568 348.729943024 0.000259610478201 -0.300692695918 1104.59100631
0.000173372896189 -0.262215084318 372.496332026 0.000292980451685 -0.303239732802 1098.88907014
0.000176112825197 -0.285814350572 394.605704261 0.000112961781056 -0.108152316134 1052.17487527
0.000168572139843 -0.261245857654 376.194803048 0.000276690706669 -0.254821991402 1094.82371408
0.00015819716764 -0.245255715142 369.625301091 0.000174306665062 -0.169633867595 1083.59063095
0.000146903565853 -0.215786662365 353.024070231 0.000358053263205 -0.362359757288 1140.66895158
0.000100341113017 -0.179708218794 347.163565968 -9.18335937609e-06 -0.0944679712547 1093.78921471
8.31572515655e-05 -0.167896216764 347.793261192 -6.47042297186e-05 -0.0739444539977 1095.845627
6.61213091884e-05 -0.166125298813 355.5802752 4.29919769702e-05 -0.135328446918 1097.77771389
8.00461457522e-05 -0.192907034108 371.418493087 0.000181671703135 -0.214120171473 1098.56760055
6.66566519286e-05 -0.17957730999 370.013526271 0.000261338171892 -0.275375241439 1106.65634172
8.59966240061e-05 -0.194511223942 371.909711105 0.000272548459414 -0.292215438982 1112.41417478
2.96173061045e-05 -0.141324175164 362.568446407 0.000211543265513 -0.255656228093 1112.25673705
2.51660242074e-05 -0.141758955803 367.057672236 -3.56736050641e-05 -0.0388459344016 1076.62409221
2.27267086839e-06 -0.118929859203 361.746061912 -6.53194675613e-05 -0.00593946597076 1072.97271934
-2.10056121041e-07 -0.107503810789 357.422533582 4.6502364923e-05 -0.0923542773347 1089.75600013
2.17651393466e-05 -0.106133612101 345.758290218 9.19964657621e-05 -0.1266231755 1106.48189618
-1.80430579486e-05 -0.0680414029164 333.877438284 0.000296069095627 -0.233394637918 1124.80342943
-7.13924672853e-05 -0.0162309785522 323.106098802 0.000463680049557 -0.34837422582 1144.80792448
-0.000140928190705 0.0433981268281 315.77167768 0.000324515148591 -0.182538197581 1093.69497343
-0.000159347412138 0.05985947757 316.081699778 0.000338582235024 -0.202062324841 1092.6668337
-8.98619656513e-05 0.00026976606998 330.981775212 0.000394230787211 -0.247119734555 1092.58772
-7.84246650483e-05 -0.0073984825859 335.710965388 0.000614408809939 -0.388943915684 1102.00659314
7.6103644644e-06 -0.0782585268339 347.906766561 0.000648519541663 -0.442200866123 1112.89588812
-6.24092149477e-05 0.00632605503149 318.871510667 0.000519572063956 -0.394913966994 1127.31719755
3.51370500867e-05 -0.0678484448099 326.273831941 0.000480082830676 -0.40110613087 1140.72768827
6.95146037984e-05 -0.0852751711377 323.051136921 0.000439579437154 -0.399979653624 1151.25120352
8.17844322258e-05 -0.0921222966096 318.636611087 0.000340079244991 -0.349796944918 1156.86679426
0.000105978528659 -0.11222590695 320.584835413 0.000334018660781 -0.360777760873 1167.2054379
0.000105478494786 -0.106142320538 315.027309663 0.000334360103678 -0.364751361127 1173.70506093
0.000106183963962 -0.121660808543 325.750874305 0.000409309034463 -0.399003742296 1176.81307184
9.39667310001e-05 -0.126131957552 331.378664132 0.000604756318041 -0.423692638564 1161.24872097
8.92709888485e-05 -0.128968476804 335.986366358 0.000866227546294 -0.676915704412 1216.53898829
9.11239290135e-05 -0.124923100387 330.409377911 0.000727211768829 -0.552922390786 1193.61585395
7.60326678336e-05 -0.127210784978 339.484506316 0.000402083113797 -0.21827742881 1109.24567843
0.000101038658977 -0.146553338781 339.133605162 0.000369487326844 -0.220686989349 1119.15263076
3.12723955127e-05 -0.0934505944995 331.733208658 0.000487921080682 -0.307632438024 1129.86060043
-1.76775554693e-05 -0.0580871824159 328.853934541 0.000510453488094 -0.342298088765 1137.95707731
-5.04168332596e-05 -0.0354408602002 330.966977257 0.000613106603708 -0.423180828952 1141.34467887
-6.69376822671e-05 -0.019367911002 331.707290344 0.00065375455145 -0.484479462082 1156.09446387
-7.7423281478e-05 -0.0110267146758 336.63393079 0.000498812754385 -0.389933942862 1150.59645429
-9.34019031295e-05 0.00398964007215 336.544678174 0.000407513029431 -0.329215271722 1148.31296389
-0.000128698607157 0.0386079200678 331.838488494 0.000207484107517 -0.159387559854 1131.40346018
-0.000149050509374 0.0604981584415 328.231476604 0.000189781598271 -0.132332313656 1135.87380647
-0.00014678847804 0.0717944877025 324.027332091 0.000228587580964 -0.143778550822 1138.07911815
-0.000160297134827 0.0823065945913 321.17694635 0.000312851777192 -0.192630816938 1154.71193771
-0.000171516304407 0.099882027531 317.869659258 0.000370072773247 -0.255148717108 1171.58990154
-0.000157226583413 0.0956851274426 317.524918207 0.000436219567148 -0.306301002934 1180.63943947
-0.000129308239796 0.0924553834571 311.501426102 0.000292986524709 -0.231333979063 1184.32152593
-0.000105574095686 0.0906321223431 304.748839041 0.000179423265325 -0.119511050297 1157.1699636
-7.86101117858e-05 0.0811632691042 302.15301798 0.000132964444827 -0.0748174188088 1153.27928831
-8.57716840687e-05 0.0869988603112 301.544649681 0.000240864097601 -0.139516583017 1151.64593052
-8.19297193926e-05 0.0849319377854 302.379469963 0.000131465602201 -0.0707723166 1142.30207212
-7.01431860674e-05 0.0693688645969 308.678341449 0.000185247086889 -0.108043146329 1137.15062211
-6.64776551389e-05 0.0670465290918 308.831650011 0.000162549967036 -0.0918637511213 1133.29673999
-6.872955585e-05 0.0764935686258 302.573064943 -2.00809959997e-05 0.0366938083432 1122.25753755
-5.76339224826e-05 0.0694987626481 302.688675088 -0.000126551577245 0.134639096897 1104.19552266
-6.46468034272e-05 0.0812581858158 296.31049042 -7.91254099261e-05 0.112118617189 1106.32078066
-6.56953943996e-05 0.0898686434047 289.782219928 -1.26744220271e-05 0.0716007261587 1112.5227181
-7.29516217804e-05 0.0986278997641 283.950138597 0.000394199657124 -0.273752661508 1177.33627891
-9.03422917317e-05 0.115961826544 277.035440645 0.000556649001615 -0.437335615729 1216.06558921
-9.20312093238e-05 0.112548083032 281.225025007 0.000645991461584 -0.528587955635 1231.96805432
-9.23170309976e-05 0.109659085567 284.916044999 0.000281091858776 -0.13337555061 1127.34433683
-7.35189237443e-05 0.0952673422525 286.469771293 0.000247575614884 -0.107326035575 1118.672896
-7.33524081302e-05 0.0995731311855 283.576027381 0.000355591569053 -0.190514957797 1129.02258512
-6.56050445172e-05 0.092980659176 284.43704405 0.000383159029056 -0.220399874171 1133.52410104
-6.8193412642e-05 0.095341790767 283.55111826 0.000480368341757 -0.3020064877 1143.50761769
-6.2371597301e-05 0.0961357001421 277.910185037 0.000447121097942 -0.304839098852 1154.43087568
-5.21135270837e-05 0.0970782035546 270.844406189 0.000386390518778 -0.292997530874 1166.65641216
-3.90506634775e-05 0.0848122783408 274.640036575 0.000295098614085 -0.239038758098 1163.86299828
-3.53742001262e-05 0.0768721934466 278.357313085 0.000284822029076 -0.228703026405 1161.59403036
-2.57759959497e-05 0.0685456975695 281.791437305 0.000269796290522 -0.209042928889 1158.08502779
-4.16957467982e-05 0.0764921495946 283.230212828 0.000365334666085 -0.277547409321 1166.07552333
-2.55102495747e-05 0.0569769559288 286.445482519 0.000507706293097 -0.373069962562 1183.62461993
-5.15423114282e-05 0.0715525799739 287.827989024 0.000586724965438 -0.460961455678 1199.33672378
-4.65965689891e-05 0.070468822598 285.164267142 0.000140020833243 -0.0279758015754 1102.70264805
-8.07397135952e-05 0.096104395065 282.540947171 0.000188173444456 -0.0394762000428 1094.34860071
-7.51284530526e-05 0.0899809746897 282.387378347 0.000207076188381 -0.0727045637472 1104.34317193
-7.36862156636e-05 0.0875305314418 282.692247784 0.000279389082999 -0.127641053338 1111.1753502
-7.36862156636e-05 0.0875305314418 282.692247784 0.000279389082999 -0.127641053338 1111.1753502
